33,99
0,512
0,511
0,510
0,509
0,508
0,474
24,5
29,4
26,4
32,4
31,6
30,4
26,1
26,3
32,1
32,3
30,1
30,3
33,98
33,97
33,96
31,5
33,95
33,94
33,2
33,0
27,4
27,5
28,4
29,1
29,3
28,5
28,1
28,3
27,1
27,3
31,1
31,3
36,35
25,4
25,1
25,3
24,4
24,1
24,3
33,4
33,5
33,3
3,2
3,1
3,3
10,285
10,262
10,254
10,303
10,214
10,100
10,9
10,1
10,290
10,2
10,3
11,10
11,9
11,12
11,15
11,21
11,1
11,5
11,2
11,3
9,7
9,4
9,1
9,6
9,2
9,3
8,16
8,10
8,14
8,6
8,7
8,11
8,1
8,13
8,2
8,3
12,2
12,1
12,3
20,2
20,1
20,3
19,2
19,1
19,3
18,1
18,3
14,3
13,1
13,3
35,7
35,6
35,5
35,4
35,3
35,2
35,1
35,0
34,5
34,4
34,3
34,2
34,1
34,0
33,93
33,92
33,91
33,90
33,89
33,88
33,87
33,86
