0,512
0,511
0,510
0,509
0,508
0,474
33,89
33,88
33,87
33,86
33,85
33,84
33,83
25,4
25,1
25,3
24,1
24,3
27,4
27,5
28,4
29,1
29,3
28,5
28,1
28,3
27,1
27,3
31,1
31,3
36,35
3,2
3,1
3,3
10,69
10,24
10,288
10,14
10,139
10,269
10,161
10,1
10,273
10,2
10,3
11,25
11,28
11,11
11,16
11,22
11,1
11,8
11,2
11,3
9,5
9,1
9,7
9,2
9,3
8,8
8,14
8,18
8,6
8,10
8,12
8,1
8,9
8,2
8,3
12,2
12,1
12,3
20,2
20,1
20,3
19,2
19,1
19,3
35,7
35,6
35,5
35,4
35,3
35,2
35,1
35,0
34,5
34,4
34,3
34,2
34,1
34,0
33,82
33,81
33,80
33,79
33,78
33,77
33,76
33,75
33,74
33,73
33,72
33,71
33,70
33,69
33,68
33,67
33,66
33,65
33,64
33,37
33,36
33,35
33,34
33,33
33,32
33,31
