31,5
31,1
31,3
33,2
33,0
36,35
27,4
27,5
34,4
34,1
34,3
28,4
29,1
29,3
28,5
28,1
28,3
27,1
27,3
25,4
25,1
25,3
24,4
24,1
24,3
33,4
33,5
33,3
3,2
3,1
3,3
10,96
10,110
10,73
10,233
10,212
10,137
10,103
10,1
10,18
10,2
10,3
11,29
11,11
11,10
11,15
11,22
11,1
11,30
11,2
11,3
9,5
9,1
9,7
9,2
9,3
8,16
8,18
8,11
8,8
8,17
8,9
8,1
8,4
8,2
8,3
12,2
12,1
12,3
20,2
20,1
20,3
19,2
19,1
19,3
35,7
35,6
35,5
35,4
35,3
35,2
35,1
35,0
33,100
33,99
33,98
33,97
33,96
33,95
33,94
33,93
33,92
33,91
33,90
33,89
33,88
33,87
33,86
33,85
33,84
33,83
33,82
33,81
33,80
33,79
33,78
33,77
33,76
33,75
33,74
33,73
33,72
33,71
33,70
33,69
33,68
33,67
33,66
33,65
33,64
